***********************************************
EXP	1 	steps: 5000		G: 10	L:	10
***********************************************
Room No. 	v_G		 	v_L 		v_O 		v
	0 		0.235648 	0.212555 	0.5 (7) 	0.316068
	1 		0.719433 	0.736592 	0.3 (5) 	0.585342
	2 		0.182235 	0.414495 	0.5 (7) 	0.365577
	3 		0.887185 	0.219896 	0.4 (6) 	0.50236

RESULTS:
				Opinion
Exp No.		0	1 	2 	3
	1 		2 	17 	0 	1
	2 		0 	20 	0 	0
	3 		1 	11 	0 	8
	4 		2 	18 	0 	0		
	5 		0 	5 	2 	13


***********************************************
EXP	2 	steps: 5000		G: 10	L:	10
***********************************************
Room No. 	v_G		 	v_L 		v_O 		v
	0 		0.422236 	0.943804 	0.5 (7) 	0.622013
	1 		0.634337 	0.723304 	0 	(2) 	0.452547
	2 		0.647513 	0.483345 	0	(2) 	0.376953
	3 		0.182583 	0.552855 	0.9 (11) 	0.545146

RESULTS:
				Opinion
Exp No.		0	1 	2 	3
	1 		16 	0 	2 	2
	2 		0 	19 	0 	1
	3 		12 	7 	0 	1
	4 		8 	4 	4 	4		
	5 		6 	3 	7 	4


***********************************************
EXP	3 	steps: 5000		G: 12	L:	13 	seed: 79254
***********************************************
Room No. 	v_G		 	v_L 		v_O 		v
	0 		0.225082 	0.690286 	0.4 (6) 	0.438456
	1 		0.260028 	0.981689 	0.7 (9) 	0.647239
	2 		0.188841 	0.245095 	0.6	(8) 	0.344645
	3 		0.462858 	0.415764 	0.7 (9) 	0.526207

RESULTS:
				Opinion
Exp No.		0	1 	2 	3
	1 		1 	24 	0 	0
	2 		2 	1 	2 	20
	3 		2 	11 	2 	10
	4 		0 	1 	3 	21		
	5 		1 	3 	2 	19


***********************************************
EXP	4 	steps: 5000		G: 13	L:	12 	seed: 78965
***********************************************
Room No. 	v_G		 	v_L 		v_O 		v
	0 		0.720489 	0.487056 	0.7 (9) 	0.635849
	1 		0.204975 	0.889242 	0.3 (5) 	0.464739
	2 		0.715938 	0.592709 	0	(2) 	0.436215
	3 		0.99669 	0.0023401 	0.6 (8) 	0.53301

RESULTS:
				Opinion
Exp No.		0	1 	2 	3
	1 		19 	3 	1 	2
	2 		2 	0 	2 	21
	3 		22 	0 	3 	0
	4 		6 	0 	0 	19		
	5 		2 	9 	4 	10


***********************************************
EXP	5 	steps: 5000		G: 15	L:	15	seed: 374347
***********************************************
Room No. 	v_G		 	v_L 		v_O 		v
	0 		0.477285 	0.273637 	0.6 (8) 	0.450307
	1 		0.00484324 	0.321055 	0.7	(9) 	0.341966
	2 		0.308894 	0.131418 	0.4	(6) 	0.280104
	3 		0.612995 	0.300483 	0.8 (10) 	0.57116

RESULTS:
				Opinion
Exp No.		0	1 	2 	3
	1 		10 	0 	2 	18
	2 		5 	10 	1 	14
	3 		8 	18 	1 	3
	4 		9 	6 	8 	7		
	5 		13	3 	3 	11


***********************************************
EXP	6 	steps: 5000		G: 15	L:	15	seed: 
***********************************************
Room No. 	v_G		 	v_L 		v_O 		v
	0 		0.422236 	0.943804 	0.5 (7) 	0.622013
	1 		0.634337 	0.723304 	0 	(1) 	0.452547
	2 		0.647513 	0.483345 	0	(2) 	0.376953
	3 		0.182583 	0.552855 	0.9 (11) 	0.622013

RESULTS:
				Opinion
Exp No.		0	1 	2 	3
	1 		0 	0 	0 	0
	2 		0 	0 	0 	0
	3 		0 	0 	0 	0
	4 		0 	0 	0 	0		
	5 		0 	0 	0 	0


***********************************************
EXP	7 	steps: 5000		G: 17	L:	18	seed: 
***********************************************
Room No. 	v_G		 	v_L 		v_O 		v
	0 		0.422236 	0.943804 	0.5 (7) 	0.622013
	1 		0.634337 	0.723304 	0 	(1) 	0.452547
	2 		0.647513 	0.483345 	0	(2) 	0.376953
	3 		0.182583 	0.552855 	0.9 (11) 	0.622013

RESULTS:
				Opinion
Exp No.		0	1 	2 	3
	1 		0 	0 	0 	0
	2 		0 	0 	0 	0
	3 		0 	0 	0 	0
	4 		0 	0 	0 	0		
	5 		0 	0 	0 	0


***********************************************
EXP	8 	steps: 5000		G: 18	L:	17	seed: 
***********************************************
Room No. 	v_G		 	v_L 		v_O 		v
	0 		0.422236 	0.943804 	0.5 (7) 	0.622013
	1 		0.634337 	0.723304 	0 	(1) 	0.452547
	2 		0.647513 	0.483345 	0	(2) 	0.376953
	3 		0.182583 	0.552855 	0.9 (11) 	0.622013

RESULTS:
				Opinion
Exp No.		0	1 	2 	3
	1 		0 	0 	0 	0
	2 		0 	0 	0 	0
	3 		0 	0 	0 	0
	4 		0 	0 	0 	0		
	5 		0 	0 	0 	0


***********************************************
EXP	9 	steps: 5000		G: 20	L:	20	seed: 
***********************************************
Room No. 	v_G		 	v_L 		v_O 		v
	0 		0.422236 	0.943804 	0.5 (7) 	0.622013
	1 		0.634337 	0.723304 	0 	(1) 	0.452547
	2 		0.647513 	0.483345 	0	(2) 	0.376953
	3 		0.182583 	0.552855 	0.9 (11) 	0.622013

RESULTS:
				Opinion
Exp No.		0	1 	2 	3
	1 		0 	0 	0 	0
	2 		0 	0 	0 	0
	3 		0 	0 	0 	0
	4 		0 	0 	0 	0		
	5 		0 	0 	0 	0


***********************************************
EXP	10 	steps: 5000		G: 20	L:	20	seed: 
***********************************************
Room No. 	v_G		 	v_L 		v_O 		v
	0 		0.422236 	0.943804 	0.5 (7) 	0.622013
	1 		0.634337 	0.723304 	0 	(1) 	0.452547
	2 		0.647513 	0.483345 	0	(2) 	0.376953
	3 		0.182583 	0.552855 	0.9 (11) 	0.622013

RESULTS:
				Opinion
Exp No.		0	1 	2 	3
	1 		0 	0 	0 	0
	2 		0 	0 	0 	0
	3 		0 	0 	0 	0
	4 		0 	0 	0 	0		
	5 		0 	0 	0 	0